kf                 =    -0.001747577788 ;
kd                 =      0.00350801661 ;
