circumference = 628.3185
rf_voltage = 0.0212942055191
phi_s = 0
harmonic_number = 9
gamma_transition = 6.09482595967
n_macroparticles = 500
energy = 2336654575.29
gamma = 2.49038072769
bunch_length = 1.4e-07
x0 = -0.000685685008509
xp0 = 4.41382791398e-05
betax0 = 12.0441962597
alphax0 = -0.0197336187741
etax0 = 2.35136293148
etapx0 = -0.0074489082447
y0 = 0.0
yp0 = 0.0
betay0 = 21.510464932
alphay0 = 0.0217557514807
etay0 = 0.0
etapy0 = 0.0
epsn_x = 1e-06
epsn_y = 1e-06
TransverseCut = 5
